budget:
  account_for_cost: true
  eval_cost: 9.0
  max: 180
  used: 180.0
time_end: 1706386350.342324
time_sampled: 1706386342.4635055
