budget:
  account_for_cost: true
  eval_cost: 1.0
  max: 180
  used: 130.0
time_end: 1706388561.2698348
time_sampled: 1706388558.688928
