cost: 1
info_dict:
  cost: 1
  test_accuracy: 0.6431
  train_accuracy: 0.65087890625
  train_time: 2.4425032138824463
  val_errors:
  - 0.32421875
loss: 0.32421875
