budget:
  account_for_cost: true
  eval_cost: 9.0
  max: 180
  used: 63.0
time_end: 1706389609.669112
time_sampled: 1706389602.8023891
