budget:
  account_for_cost: true
  eval_cost: 9.0
  max: 180
  used: 72.0
time_end: 1706389622.8686545
time_sampled: 1706389610.388091
