budget:
  account_for_cost: true
  eval_cost: 6.0
  max: 180
  used: 21.0
previous_config_id: '5_1'
time_end: 1706386142.4694316
time_sampled: 1706386137.067321
