budget:
  account_for_cost: true
  eval_cost: 3.0
  max: 180
  used: 156.0
time_end: 1706388616.390764
time_sampled: 1706388609.9440506
