budget:
  account_for_cost: true
  eval_cost: 9.0
  max: 180
  used: 45.0
time_end: 1706388435.1430562
time_sampled: 1706388429.2800748
