budget:
  account_for_cost: true
  eval_cost: 9.0
  max: 180
  used: 180.0
time_end: 1706388648.0406158
time_sampled: 1706388635.9217482
