budget:
  account_for_cost: true
  eval_cost: 3.0
  max: 180
  used: 87.0
time_end: 1706388503.8097599
time_sampled: 1706388498.739923
