budget:
  account_for_cost: true
  eval_cost: 1.0
  max: 180
  used: 132.0
time_end: 1706388568.629471
time_sampled: 1706388565.4875402
