budget:
  account_for_cost: true
  eval_cost: 9.0
  max: 180
  used: 45.0
time_end: 1706386166.2640226
time_sampled: 1706386157.282011
