time_end: 1706426070.0476577
time_sampled: 1706426064.817734
