budget:
  account_for_cost: true
  eval_cost: 1.0
  max: 180
  used: 131.0
time_end: 1706386283.398594
time_sampled: 1706386281.2124054
