budget:
  account_for_cost: true
  eval_cost: 1.0
  max: 180
  used: 134.0
time_end: 1706386293.319755
time_sampled: 1706386290.8417692
