budget:
  account_for_cost: true
  eval_cost: 6.0
  max: 180
  used: 147.0
previous_config_id: '30_1'
time_end: 1706386314.5663135
time_sampled: 1706386308.938616
