budget:
  account_for_cost: true
  eval_cost: 1.0
  max: 180
  used: 68.0
time_end: 1706386193.302423
time_sampled: 1706386191.362387
