cost: 1
info_dict:
  cost: 1
  test_accuracy: 0.8258
  train_accuracy: 0.84521484375
  train_time: 1.799328088760376
  val_errors:
  - 0.16015625
loss: 0.16015625
