budget:
  account_for_cost: true
  eval_cost: 1.0
  max: 180
  used: 69.0
time_end: 1706388468.3480492
time_sampled: 1706388466.2213786
