budget:
  account_for_cost: true
  eval_cost: 3.0
  max: 180
  used: 156.0
time_end: 1706386326.1336215
time_sampled: 1706386323.3583858
