time_end: 1706426026.4571726
time_sampled: 1706426021.5135224
