budget:
  account_for_cost: true
  eval_cost: 1.0
  max: 180
  used: 135.0
time_end: 1706388577.1965995
time_sampled: 1706388574.6712635
