budget:
  account_for_cost: true
  eval_cost: 3.0
  max: 180
  used: 30.0
time_end: 1706386152.158627
time_sampled: 1706386149.452995
