budget:
  account_for_cost: true
  eval_cost: 3.0
  max: 180
  used: 153.0
time_end: 1706386322.70584
time_sampled: 1706386319.6492085
