budget:
  account_for_cost: true
  eval_cost: 3.0
  max: 180
  used: 150.0
time_end: 1706386318.992477
time_sampled: 1706386315.3055472
