budget:
  account_for_cost: true
  eval_cost: 9.0
  max: 180
  used: 99.0
time_end: 1706389644.0206945
time_sampled: 1706389638.0542674
