budget:
  account_for_cost: true
  eval_cost: 1.0
  max: 180
  used: 66.0
time_end: 1706388459.343864
time_sampled: 1706388457.4326482
