cost: 1
info_dict:
  cost: 1
  test_accuracy: 0.0908
  train_accuracy: 0.098388671875
  train_time: 1.8095331192016602
  val_errors:
  - 0.892578125
loss: 0.892578125
