budget:
  account_for_cost: true
  eval_cost: 9.0
  max: 180
  used: 18.0
time_end: 1706389567.2913494
time_sampled: 1706389561.746205
