budget:
  account_for_cost: true
  eval_cost: 1.0
  max: 180
  used: 9.0
time_end: 1706386124.9188232
time_sampled: 1706386123.069777
