budget:
  account_for_cost: true
  eval_cost: 6.0
  max: 180
  used: 36.0
previous_config_id: '11_1'
time_end: 1706388428.65179
time_sampled: 1706388420.324098
