budget:
  account_for_cost: true
  eval_cost: 9.0
  max: 180
  used: 135.0
time_end: 1706389670.6903672
time_sampled: 1706389665.0893636
