budget:
  account_for_cost: true
  eval_cost: 2.0
  max: 180
  used: 78.0
previous_config_id: '21_0'
time_end: 1706386214.1336732
time_sampled: 1706386211.2918339
