budget:
  account_for_cost: true
  eval_cost: 1.0
  max: 180
  used: 72.0
time_end: 1706388476.6079507
time_sampled: 1706388474.0218515
