budget:
  account_for_cost: true
  eval_cost: 9.0
  max: 180
  used: 144.0
time_end: 1706389679.5937939
time_sampled: 1706389671.2910025
