budget:
  account_for_cost: true
  eval_cost: 1.0
  max: 180
  used: 9.0
time_end: 1706388388.4728212
time_sampled: 1706388386.2178862
