budget:
  account_for_cost: true
  eval_cost: 9.0
  max: 180
  used: 126.0
time_end: 1706388550.3817053
time_sampled: 1706388541.463976
