budget:
  account_for_cost: true
  eval_cost: 1.0
  max: 180
  used: 2.0
time_end: 1706386105.6767852
time_sampled: 1706386103.9500647
