time_end: 1706426031.638938
time_sampled: 1706426026.6861372
