cost: 2
info_dict:
  cost: 2
  test_accuracy: 0.8865
  train_accuracy: 0.890625
  train_time: 2.0345935821533203
  val_errors:
  - 0.2265625
  - 0.119140625
loss: 0.119140625
