budget:
  account_for_cost: true
  eval_cost: 1.0
  max: 180
  used: 70.0
time_end: 1706386199.4919972
time_sampled: 1706386197.2605731
