budget:
  account_for_cost: true
  eval_cost: 9.0
  max: 180
  used: 117.0
time_end: 1706389658.2604823
time_sampled: 1706389651.2783613
