budget:
  account_for_cost: true
  eval_cost: 1.0
  max: 180
  used: 68.0
time_end: 1706388465.5843897
time_sampled: 1706388463.81837
