time_end: 1706426111.953662
time_sampled: 1706426107.2675812
