budget:
  account_for_cost: true
  eval_cost: 2.0
  max: 180
  used: 141.0
previous_config_id: '37_0'
time_end: 1706388590.7325366
time_sampled: 1706388587.5895994
