budget:
  account_for_cost: true
  eval_cost: 9.0
  max: 180
  used: 126.0
time_end: 1706389664.4912772
time_sampled: 1706389658.8556216
