budget:
  account_for_cost: true
  eval_cost: 3.0
  max: 180
  used: 90.0
time_end: 1706386227.4953911
time_sampled: 1706386223.4560354
