cost: 1
info_dict:
  cost: 1
  test_accuracy: 0.0968
  train_accuracy: 0.096923828125
  train_time: 2.303276300430298
  val_errors:
  - 0.91015625
loss: 0.91015625
