budget:
  account_for_cost: true
  eval_cost: 9.0
  max: 180
  used: 117.0
time_end: 1706386260.6746151
time_sampled: 1706386250.5382264
