budget:
  account_for_cost: true
  eval_cost: 1.0
  max: 180
  used: 129.0
time_end: 1706388558.034417
time_sampled: 1706388556.3026493
