budget:
  account_for_cost: true
  eval_cost: 1.0
  max: 180
  used: 7.0
time_end: 1706386118.9874108
time_sampled: 1706386117.320908
