budget:
  account_for_cost: true
  eval_cost: 1.0
  max: 180
  used: 131.0
time_end: 1706388564.8455212
time_sampled: 1706388561.9097974
