cost: 1
info_dict:
  cost: 1
  test_accuracy: 0.1982
  train_accuracy: 0.199462890625
  train_time: 2.7968151569366455
  val_errors:
  - 0.79296875
loss: 0.79296875
