budget:
  account_for_cost: true
  eval_cost: 3.0
  max: 180
  used: 27.0
time_end: 1706388414.6621544
time_sampled: 1706388411.7916093
