budget:
  account_for_cost: true
  eval_cost: 3.0
  max: 180
  used: 153.0
time_end: 1706388609.2825756
time_sampled: 1706388605.7074711
