time_end: 1706426064.5555558
time_sampled: 1706426059.3685424
