time_end: 1706426080.3178682
time_sampled: 1706426075.3658535
