time_end: 1706426048.1795852
time_sampled: 1706426042.9212112
