budget:
  account_for_cost: true
  eval_cost: 3.0
  max: 180
  used: 24.0
time_end: 1706386145.7509181
time_sampled: 1706386143.0751393
