budget:
  account_for_cost: true
  eval_cost: 9.0
  max: 180
  used: 117.0
time_end: 1706388540.7836018
time_sampled: 1706388529.2283626
