time_end: 1706426042.682046
time_sampled: 1706426037.3193765
