time_end: 1706426053.7999249
time_sampled: 1706426048.418881
