budget:
  account_for_cost: true
  eval_cost: 1.0
  max: 180
  used: 127.0
time_end: 1706386271.0377529
time_sampled: 1706386269.0418334
