cost: 1
info_dict:
  cost: 1
  test_accuracy: 0.9148
  train_accuracy: 0.926513671875
  train_time: 1.9070675373077393
  val_errors:
  - 0.07421875
loss: 0.07421875
