budget:
  account_for_cost: true
  eval_cost: 2.0
  max: 180
  used: 139.0
previous_config_id: '36_0'
time_end: 1706386303.4538975
time_sampled: 1706386299.8810363
