budget:
  account_for_cost: true
  eval_cost: 6.0
  max: 180
  used: 162.0
previous_config_id: '41_1'
time_end: 1706388627.3151393
time_sampled: 1706388617.0736065
