budget:
  account_for_cost: true
  eval_cost: 1.0
  max: 180
  used: 72.0
time_end: 1706386205.00175
time_sampled: 1706386203.327758
