time_end: 1706426075.1106868
time_sampled: 1706426070.3560987
