time_end: 1706426091.3435369
time_sampled: 1706426086.202989
