budget:
  account_for_cost: true
  eval_cost: 1.0
  max: 180
  used: 1.0
time_end: 1706388365.958187
time_sampled: 1706388363.3354177
