budget:
  account_for_cost: true
  eval_cost: 6.0
  max: 180
  used: 162.0
previous_config_id: '41_1'
time_end: 1706386331.1601005
time_sampled: 1706386326.8331249
