time_end: 1706426085.8954394
time_sampled: 1706426080.6070325
