budget:
  account_for_cost: true
  eval_cost: 3.0
  max: 180
  used: 150.0
time_end: 1706388605.0428014
time_sampled: 1706388600.6610014
