budget:
  account_for_cost: true
  eval_cost: 1.0
  max: 180
  used: 135.0
time_end: 1706386295.9173937
time_sampled: 1706386293.979191
