cost: 1
info_dict:
  cost: 1
  test_accuracy: 0.0807
  train_accuracy: 0.09423828125
  train_time: 1.8037781715393066
  val_errors:
  - 0.90625
loss: 0.90625
