budget:
  account_for_cost: true
  eval_cost: 3.0
  max: 180
  used: 30.0
time_end: 1706388419.7090747
time_sampled: 1706388415.2752724
