budget:
  account_for_cost: true
  eval_cost: 1.0
  max: 180
  used: 2.0
time_end: 1706388368.850386
time_sampled: 1706388366.6321955
