budget:
  account_for_cost: true
  eval_cost: 9.0
  max: 180
  used: 36.0
time_end: 1706389580.569101
time_sampled: 1706389575.2601395
