budget:
  account_for_cost: true
  eval_cost: 1.0
  max: 180
  used: 65.0
time_end: 1706386183.817572
time_sampled: 1706386182.2536376
