budget:
  account_for_cost: true
  eval_cost: 1.0
  max: 180
  used: 1.0
time_end: 1706386103.3984945
time_sampled: 1706386101.1919887
