budget:
  account_for_cost: true
  eval_cost: 9.0
  max: 180
  used: 9.0
time_end: 1706389561.1652143
time_sampled: 1706389555.24317
