budget:
  account_for_cost: true
  eval_cost: 1.0
  max: 180
  used: 4.0
time_end: 1706388374.583833
time_sampled: 1706388371.800042
