budget:
  account_for_cost: true
  eval_cost: 1.0
  max: 180
  used: 70.0
time_end: 1706388470.95941
time_sampled: 1706388468.9909296
