cost: 1
info_dict:
  cost: 1
  test_accuracy: 0.0828
  train_accuracy: 0.083251953125
  train_time: 1.872847080230713
  val_errors:
  - 0.92578125
loss: 0.92578125
