time_end: 1706426096.5400496
time_sampled: 1706426091.62164
