budget:
  account_for_cost: true
  eval_cost: 9.0
  max: 180
  used: 108.0
time_end: 1706389650.6753519
time_sampled: 1706389644.6299567
