budget:
  account_for_cost: true
  eval_cost: 2.0
  max: 180
  used: 13.0
previous_config_id: '0_0'
time_end: 1706388395.9468994
time_sampled: 1706388392.6166961
