budget:
  account_for_cost: true
  eval_cost: 1.0
  max: 180
  used: 134.0
time_end: 1706388574.023162
time_sampled: 1706388571.93335
