budget:
  account_for_cost: true
  eval_cost: 1.0
  max: 180
  used: 3.0
time_end: 1706386108.2343533
time_sampled: 1706386106.2174854
