budget:
  account_for_cost: true
  eval_cost: 6.0
  max: 180
  used: 84.0
previous_config_id: '19_1'
time_end: 1706386219.1042724
time_sampled: 1706386214.7345285
