budget:
  account_for_cost: true
  eval_cost: 9.0
  max: 180
  used: 171.0
time_end: 1706386341.7522824
time_sampled: 1706386331.8260858
