budget:
  account_for_cost: true
  eval_cost: 9.0
  max: 180
  used: 108.0
time_end: 1706388528.5499084
time_sampled: 1706388522.103182
