time_end: 1706426117.7546291
time_sampled: 1706426112.2925305
