budget:
  account_for_cost: true
  eval_cost: 9.0
  max: 180
  used: 45.0
time_end: 1706389593.7207232
time_sampled: 1706389581.172936
