budget:
  account_for_cost: true
  eval_cost: 1.0
  max: 180
  used: 5.0
time_end: 1706386114.0826218
time_sampled: 1706386110.9715436
