budget:
  account_for_cost: true
  eval_cost: 9.0
  max: 180
  used: 126.0
time_end: 1706386268.3835151
time_sampled: 1706386261.3661022
