budget:
  account_for_cost: true
  eval_cost: 9.0
  max: 180
  used: 81.0
time_end: 1706389630.2885172
time_sampled: 1706389623.5395768
