budget:
  account_for_cost: true
  eval_cost: 1.0
  max: 180
  used: 71.0
time_end: 1706386202.7305236
time_sampled: 1706386200.0815978
