cost: 1
info_dict:
  cost: 1
  test_accuracy: 0.1032
  train_accuracy: 0.098876953125
  train_time: 2.55912709236145
  val_errors:
  - 0.908203125
loss: 0.908203125
