budget:
  account_for_cost: true
  eval_cost: 6.0
  max: 180
  used: 99.0
previous_config_id: '26_1'
time_end: 1706386243.8152092
time_sampled: 1706386234.5613286
