budget:
  account_for_cost: true
  eval_cost: 2.0
  max: 180
  used: 13.0
previous_config_id: '7_0'
time_end: 1706386133.7213593
time_sampled: 1706386128.9447162
