budget:
  account_for_cost: true
  eval_cost: 1.0
  max: 180
  used: 128.0
time_end: 1706388555.6687942
time_sampled: 1706388553.8719137
