budget:
  account_for_cost: true
  eval_cost: 2.0
  max: 180
  used: 76.0
previous_config_id: '19_0'
time_end: 1706388484.8107634
time_sampled: 1706388482.1520464
