budget:
  account_for_cost: true
  eval_cost: 1.0
  max: 180
  used: 133.0
time_end: 1706386290.196181
time_sampled: 1706386287.5317478
