cost: 1
info_dict:
  cost: 1
  test_accuracy: 0.1028
  train_accuracy: 0.108154296875
  train_time: 2.5048038959503174
  val_errors:
  - 0.875
loss: 0.875
