budget:
  account_for_cost: true
  eval_cost: 3.0
  max: 180
  used: 93.0
time_end: 1706386233.9123187
time_sampled: 1706386228.1550322
