budget:
  account_for_cost: true
  eval_cost: 9.0
  max: 180
  used: 27.0
time_end: 1706389574.687796
time_sampled: 1706389567.9014933
