budget:
  account_for_cost: true
  eval_cost: 2.0
  max: 180
  used: 11.0
previous_config_id: '1_0'
time_end: 1706388391.915907
time_sampled: 1706388389.0862224
