cost: 2
info_dict:
  cost: 2
  test_accuracy: 0.9515
  train_accuracy: 0.969970703125
  train_time: 2.740701913833618
  val_errors:
  - 0.0390625
  - 0.041015625
loss: 0.041015625
