budget:
  account_for_cost: true
  eval_cost: 6.0
  max: 180
  used: 99.0
previous_config_id: '26_1'
time_end: 1706388521.4837794
time_sampled: 1706388513.383501
