budget:
  account_for_cost: true
  eval_cost: 1.0
  max: 180
  used: 69.0
time_end: 1706386196.680845
time_sampled: 1706386193.9364636
