budget:
  account_for_cost: true
  eval_cost: 2.0
  max: 180
  used: 139.0
previous_config_id: '38_0'
time_end: 1706388586.86057
time_sampled: 1706388582.7745063
