budget:
  account_for_cost: true
  eval_cost: 1.0
  max: 180
  used: 5.0
time_end: 1706388377.1078074
time_sampled: 1706388375.2091494
