budget:
  account_for_cost: true
  eval_cost: 9.0
  max: 180
  used: 54.0
time_end: 1706389602.188071
time_sampled: 1706389594.3270233
