budget:
  account_for_cost: true
  eval_cost: 9.0
  max: 180
  used: 54.0
time_end: 1706386172.5764267
time_sampled: 1706386166.8730454
