budget:
  account_for_cost: true
  eval_cost: 2.0
  max: 180
  used: 74.0
previous_config_id: '15_0'
time_end: 1706388481.4798603
time_sampled: 1706388477.262483
