cost: 2
info_dict:
  cost: 2
  test_accuracy: 0.9521
  train_accuracy: 0.971435546875
  train_time: 4.1284825801849365
  val_errors:
  - 0.07421875
  - 0.03515625
loss: 0.03515625
