budget:
  account_for_cost: true
  eval_cost: 1.0
  max: 180
  used: 7.0
time_end: 1706388381.8155913
time_sampled: 1706388379.9803576
