budget:
  account_for_cost: true
  eval_cost: 1.0
  max: 180
  used: 129.0
time_end: 1706386277.055694
time_sampled: 1706386275.300458
