budget:
  account_for_cost: true
  eval_cost: 1.0
  max: 180
  used: 64.0
time_end: 1706386181.6323643
time_sampled: 1706386179.4027963
