cost: 1
info_dict:
  cost: 1
  test_accuracy: 0.0981
  train_accuracy: 0.095458984375
  train_time: 2.1415603160858154
  val_errors:
  - 0.8984375
loss: 0.8984375
