budget:
  account_for_cost: true
  eval_cost: 1.0
  max: 180
  used: 133.0
time_end: 1706388571.285975
time_sampled: 1706388569.2926068
