budget:
  account_for_cost: true
  eval_cost: 1.0
  max: 180
  used: 67.0
time_end: 1706388463.179024
time_sampled: 1706388459.9827888
