budget:
  account_for_cost: true
  eval_cost: 1.0
  max: 180
  used: 71.0
time_end: 1706388473.3755608
time_sampled: 1706388471.6032667
