budget:
  account_for_cost: true
  eval_cost: 6.0
  max: 180
  used: 147.0
previous_config_id: '35_1'
time_end: 1706388600.0069106
time_sampled: 1706388591.3905754
