budget:
  account_for_cost: true
  eval_cost: 3.0
  max: 180
  used: 93.0
time_end: 1706388512.7635689
time_sampled: 1706388508.4853172
