budget:
  account_for_cost: true
  eval_cost: 1.0
  max: 180
  used: 64.0
time_end: 1706388454.103016
time_sampled: 1706388450.7533631
