time_end: 1706426021.2455363
time_sampled: 1706426016.1670098
