budget:
  account_for_cost: true
  eval_cost: 1.0
  max: 180
  used: 8.0
time_end: 1706386122.4636366
time_sampled: 1706386119.5647461
