budget:
  account_for_cost: true
  eval_cost: 1.0
  max: 180
  used: 132.0
time_end: 1706386286.8314085
time_sampled: 1706386284.0863729
