budget:
  account_for_cost: true
  eval_cost: 9.0
  max: 180
  used: 171.0
time_end: 1706389707.2462168
time_sampled: 1706389695.5396764
