budget:
  account_for_cost: true
  eval_cost: 1.0
  max: 180
  used: 4.0
time_end: 1706386110.3875468
time_sampled: 1706386108.8201168
