budget:
  account_for_cost: true
  eval_cost: 9.0
  max: 180
  used: 108.0
time_end: 1706386249.8867998
time_sampled: 1706386244.4522405
