budget:
  account_for_cost: true
  eval_cost: 1.0
  max: 180
  used: 6.0
time_end: 1706388379.3710153
time_sampled: 1706388377.6978328
