cost: 1
info_dict:
  cost: 1
  test_accuracy: 0.1007
  train_accuracy: 0.09619140625
  train_time: 1.582305669784546
  val_errors:
  - 0.88671875
loss: 0.88671875
