budget:
  account_for_cost: true
  eval_cost: 1.0
  max: 180
  used: 8.0
time_end: 1706388385.6237621
time_sampled: 1706388382.4249644
