cost: 1
info_dict:
  cost: 1
  test_accuracy: 0.792
  train_accuracy: 0.8115234375
  train_time: 3.0864691734313965
  val_errors:
  - 0.185546875
loss: 0.185546875
