budget:
  account_for_cost: true
  eval_cost: 9.0
  max: 180
  used: 54.0
time_end: 1706388442.9016225
time_sampled: 1706388435.7707963
