budget:
  account_for_cost: true
  eval_cost: 2.0
  max: 180
  used: 137.0
previous_config_id: '30_0'
time_end: 1706386299.2208512
time_sampled: 1706386296.5808647
