budget:
  account_for_cost: true
  eval_cost: 1.0
  max: 180
  used: 6.0
time_end: 1706386116.7351913
time_sampled: 1706386114.6690514
