cost: 1
info_dict:
  cost: 1
  test_accuracy: 0.9219
  train_accuracy: 0.9404296875
  train_time: 1.9766979217529297
  val_errors:
  - 0.07421875
loss: 0.07421875
