budget:
  account_for_cost: true
  eval_cost: 9.0
  max: 180
  used: 171.0
time_end: 1706388635.1887379
time_sampled: 1706388627.9859617
