budget:
  account_for_cost: true
  eval_cost: 3.0
  max: 180
  used: 24.0
time_end: 1706388411.176064
time_sampled: 1706388407.6832628
