time_end: 1706426015.910644
time_sampled: 1706426010.8594582
