budget:
  account_for_cost: true
  eval_cost: 9.0
  max: 180
  used: 63.0
time_end: 1706386178.7984405
time_sampled: 1706386173.1814623
