budget:
  account_for_cost: true
  eval_cost: 9.0
  max: 180
  used: 63.0
time_end: 1706388450.1235766
time_sampled: 1706388443.5287092
