budget:
  account_for_cost: true
  eval_cost: 3.0
  max: 180
  used: 87.0
time_end: 1706386222.7962844
time_sampled: 1706386219.717665
