budget:
  account_for_cost: true
  eval_cost: 2.0
  max: 180
  used: 74.0
previous_config_id: '23_0'
time_end: 1706386207.851103
time_sampled: 1706386205.6185048
