budget:
  account_for_cost: true
  eval_cost: 9.0
  max: 180
  used: 90.0
time_end: 1706389637.3963983
time_sampled: 1706389630.8909206
