time_end: 1706426059.1193025
time_sampled: 1706426054.085467
