budget:
  account_for_cost: true
  eval_cost: 3.0
  max: 180
  used: 27.0
time_end: 1706386148.9006999
time_sampled: 1706386146.3476431
