budget:
  account_for_cost: true
  eval_cost: 1.0
  max: 180
  used: 127.0
time_end: 1706388553.2277162
time_sampled: 1706388551.1856277
