time_end: 1706426037.035899
time_sampled: 1706426031.874165
