budget:
  account_for_cost: true
  eval_cost: 1.0
  max: 180
  used: 128.0
time_end: 1706386274.6306775
time_sampled: 1706386271.7049017
