budget:
  account_for_cost: true
  eval_cost: 1.0
  max: 180
  used: 130.0
time_end: 1706386280.5186608
time_sampled: 1706386277.7199492
