budget:
  account_for_cost: true
  eval_cost: 1.0
  max: 180
  used: 3.0
time_end: 1706388371.2151134
time_sampled: 1706388369.3775055
