cost: 1
info_dict:
  cost: 1
  test_accuracy: 0.1612
  train_accuracy: 0.1611328125
  train_time: 1.7397477626800537
  val_errors:
  - 0.81640625
loss: 0.81640625
