time_end: 1706426101.5568893
time_sampled: 1706426096.822081
