time_end: 1706426106.9972055
time_sampled: 1706426101.8866708
