budget:
  account_for_cost: true
  eval_cost: 2.0
  max: 180
  used: 78.0
previous_config_id: '20_0'
time_end: 1706388488.803937
time_sampled: 1706388485.4761646
