cost: 2
info_dict:
  cost: 2
  test_accuracy: 0.9378
  train_accuracy: 0.953125
  train_time: 3.238262176513672
  val_errors:
  - 0.064453125
  - 0.068359375
loss: 0.068359375
