budget:
  account_for_cost: true
  eval_cost: 1.0
  max: 180
  used: 67.0
time_end: 1706386190.7446227
time_sampled: 1706386187.3951828
