budget:
  account_for_cost: true
  eval_cost: 1.0
  max: 180
  used: 65.0
time_end: 1706388456.7294312
time_sampled: 1706388454.7516844
